4
538
0.640758703652458 -0.1865689154034035 0.744728355508785 -20.23987239590742 
0.3151852485733327 -0.01095229327748244 0.9489669679992715 -9.499261819043314 
-0.7948290662894254 -0.4835749524110352 0.3666088116537098 -6.172915722131479 
-0.4598288775584848 -0.5353796908004139 0.7084673528411575 -11.95809915037546 
-0.09924496192993805 -0.9765375594424249 0.1911147103960278 -29.71371987273795 
0.6094202095903729 -0.7909930057864248 -0.0541947685647125 -34.09904184550879 
0.5409937277294978 -0.8310246812854242 -0.129320399209874 -33.63404791831609 
0.7323279411945898 0.2687416642019403 0.6256785951809962 -11.0314659190833 
0.2768165264829285 0.07049330168968987 0.9583336084489642 -6.74302559854169 
0.1599423546553199 -0.1520894208795603 0.9753395568948448 -10.46845270584177 
0.2678116884777543 -0.5421159385521793 0.7964842802481316 -22.99486009298754 
-0.448467283482087 -0.1704077890629861 -0.8774042859895673 -1.787166376983464 
-0.1691257307657248 -0.03628356221981592 -0.9849263882674687 -2.081569123117236 
0.5081602050989434 -0.8416205348953282 -0.1828881658180794 -33.34915248045348 
0.5334893156857345 -0.8327075486607578 -0.1482811129326931 -33.52824464130691 
0.5884978156470258 -0.641204603923661 -0.4924702802055982 -30.38781671755594 
0.4132232646169462 0.3773952112437643 0.8287456715480255 -2.029943672803371 
-0.4869103779273606 -0.1735530948290131 -0.8560359847237186 -1.435283781270591 
-0.4616673743438605 -0.1692240689872994 -0.8707619938547085 -1.607977572997651 
0.08052284396253077 0.06357113508669582 -0.9947234703091985 -3.331218171979988 
-0.4683777743584751 -0.263797059321225 -0.8432279478174781 -3.981304349364329 
-0.6999575749869639 -0.6940538853190474 -0.1683704175082522 -13.54424586240726 
-0.8069985982258499 -0.5882113477043283 -0.05254210590917943 -9.038385660137452 
-0.7935397925237188 -0.2820228721737797 -0.5392195260302293 -0.5982714859450566 
-0.2132627956652371 -0.03947357208095433 -0.9761971199979117 -1.716758722406309 
0.5945064594723046 -0.2626350042786335 -0.759990081628219 -21.2894289323858 
0.911482109269193 0.1080357987790279 -0.3968987662671179 -18.73762099663492 
0.8684869135018423 0.4247294860405377 0.2556077948024755 -10.18954687566702 
0.7395865500994251 0.1540285486460673 -0.6551999245375544 -13.95028775803608 
0.6132397156617049 0.3105626916389409 -0.7262835986700563 -7.595109797639241 
0.6493158694502602 0.5987757526915485 -0.4688885791621738 -1.775834071249492 
0.3976088863389036 0.3647717855210416 0.8419315399675487 -2.026865676967059 
0.1370932600960471 0.1765786928851657 0.9746924659887363 -1.923807013937775 
0.4851636875815413 0.4800436665527271 0.7308722695894916 -1.345476263185803 
0.4692478143497027 0.4580779339071361 0.7549643006099006 -1.460856852970657 
0.4605320517079596 0.4447481144974805 0.7681857483711823 -1.545406854066554 
0.1079612613588312 0.1213243250072355 0.9867242645275067 -2.514807367410584 
-0.03485607750127266 0.06182988327606673 0.9974778791508577 -1.868980793455304 
-0.04054286392517314 0.05076532346899336 0.9978873474084303 -1.959802488326246 
-0.3852044730063852 -0.3742999410639406 0.8435147112501379 -8.338774165203427 
-0.3436812812965641 -0.2557625319784355 0.9035865780999249 -5.455136411014805 
-0.154390396115385 -0.2151489939122618 0.9643000134843285 -7.017362228509401 
-0.1704867822071892 -0.1871401331362586 0.9674258770894967 -5.944796143796926 
-0.4626973582628427 -0.1728575640008795 0.8695006712040356 -1.691239483634024 
-0.1850800645043854 -0.04270120793900131 0.9817952824105454 -1.971489713561229 
-0.1994389083758476 -0.04355152442886149 0.9789419730228 -1.844263921554068 
-0.07905965617944298 -0.06538035901359468 0.9947235693498178 -4.023821420191725 
-0.1123741133856005 -0.07976671452980767 0.9904591510475939 -3.871407580802238 
-0.02964055557405304 0.03162632041323511 0.9990601650162923 -2.417317558586699 
-0.1615413942692639 -0.03426334409750501 -0.9862709572874983 -2.128871616211683 
-0.1442899357086059 -0.03341741987863781 -0.9889710261184911 -2.338292286269412 
-0.02246358086348484 0.03621951936426374 -0.9990913541572719 -2.436697106729425 
-0.1270432788806804 -0.2558412282965423 -0.9583346342457639 -8.571412427056881 
-0.4361813037560599 -0.5637761803464781 -0.7013574614471562 -13.18584447388599 
-0.4556528087371193 -0.2761252536548903 -0.8462478136952536 -4.495079569336955 
0.1441701063090189 -0.4476699378250337 -0.882500202387839 -17.88598983610207 
0.4407903811235274 -0.8084507889718967 -0.3900143096345225 -31.64505597908208 
0.4378087681869897 -0.8032971591625199 -0.4037785984670512 -31.48256496395236 
-0.7393889098401514 -0.2684129945837606 -0.6174613383394709 -0.8794142976652917 
-0.7681015627228877 -0.2748728403252341 -0.5783294139106157 -0.7106496852499962 
-0.2026120789624789 -0.03733945838591794 -0.9785469382231742 -1.773429857388496 
-0.1819389445604864 -0.03610665248277437 -0.9826466964777851 -1.941148963223917 
-0.1912075327570454 -0.0382833350918706 -0.9808027659377838 -1.888151894344432 
0.1455973581222536 0.2152542543430609 -0.9656433168075224 -1.527508343667917 
0.4370782479468959 0.4545881535089381 -0.7760877629888299 -1.286610676353786 
0.3222231359455593 0.282320458842826 -0.9035858615428783 -2.494390798379381 
0.2187633893512168 0.1273937866769528 -0.967426174235365 -4.223654710716791 
0.1015814157665472 0.09312024051906359 -0.9904594069302061 -2.935361067072823 
0.4033489174050873 0.4018066339487975 -0.8221077056827052 -1.568165171174428 
0.4280501500529865 0.4379898232043655 -0.7905301915860168 -1.381029237477468 
0.414656781854126 0.4198950003858422 -0.8073090745887558 -1.462502323478934 
0.346605956988811 0.3086933219031 0.8857611097763887 -2.373850867487783 
0.3768356935744019 0.3439302731807395 0.8600621066167963 -2.121081470174688 
0.1309243489934071 0.1604570897109265 0.9783211830488759 -2.084947795326148 
0.4195012875999318 0.3912247217106201 0.8191226323478353 -1.859289312799215 
0.4144278457683862 0.3858823198622104 0.8242235108691898 -1.883129089535973 
0.4420737135846959 0.421698737558848 0.7916697584843759 -1.665413761217887 
0.1402569433517769 0.1805401546867372 0.9735159178910767 -1.902981532421809 
0.719144049647849 0.6868936038743506 0.1049238429176093 -1.226809042305554 
0.2790550778921181 0.9485433610769263 0.1496454331395113 1.267688585019923 
-0.5885050377881398 -0.2024176036230308 0.7827444884772359 -1.024150386443441 
-0.8252643975403131 -0.2983394373086382 0.4795125173536029 -0.6723494040584993 
-0.8317819924425055 -0.2960521225883955 0.4695656053836156 -0.5483231107676587 
-0.881237179802628 -0.2939420737306749 -0.3701608977518036 -0.1297219417143614 
-0.5209067828162232 -0.1820885682655316 -0.8339663523926256 -1.269509588035183 
-0.5561737871444543 -0.1923183593601873 -0.8085074935623052 -1.128513648911279 
-0.5591027184785744 -0.192942034947916 -0.8063358613754105 -1.114084915362564 
-0.798014238151453 -0.2822091025606462 -0.5324765705075397 -0.5613125239283783 
0.4916846139721742 0.4916316809344006 0.7187103245986171 -1.272803157182784 
-0.03384650972085056 0.0500894203119167 0.9981710593643418 -2.031736162375771 
0.1283352152598128 0.1574850509476319 0.9791468384528642 -2.101600235782993 
0.1184112681526487 0.1389279854337788 0.9831977351671399 -2.297090960555103 
0.1201459501310239 0.1407729747412457 0.9827247428703595 -2.285905353116939 
-0.2107377609195534 -0.04620342047895836 0.9764501216440386 -1.784330200070083 
-0.4822440191665846 -0.1745969855965669 0.8584617630381979 -1.509279993675527 
-0.03679818444771277 0.03082362470431413 0.9988472344565207 -2.331910882598762 
-0.03905030683660484 0.03994628309291012 0.9984384648054321 -2.134825826858513 
-0.03206288182597774 0.04006503349900319 0.9986825144658021 -2.212905257132985 
-0.1757045256807571 -0.04025018152696209 0.9836197652255402 -2.026456513711649 
-0.1556388832865734 -0.03824117588823241 0.9870735284040363 -2.22873791876038 
0.1415371063857492 0.2086729009414552 -0.9676894480816802 -1.558488782287763 
-0.06493520598523635 0.04386534953042591 -0.9969248969376923 -1.864917273497867 
-0.06173732540181394 0.05126001947784481 -0.996775257044115 -1.803032919719196 
-0.3588407919157946 0.9242673655848507 0.1302425543825268 2.519813662885166 
0.6652966869438863 0.6263478490235881 -0.4062864634282233 -1.479386796159298 
0.6652503979164008 0.6266029222522711 -0.4059688237992969 -1.473933639179998 
0.7274432859321507 0.6792485602161649 0.09719906993640651 -1.485581437202491 
0.7264532824811761 0.6814463221618605 0.08886246893035477 -1.422542532442157 
0.7445142671788998 0.6655324803838858 0.05258349095617846 -2.091749030262001 
0.7283434647941333 0.681646261364173 -0.06981526810034301 -1.446189175208287 
0.7278512725127497 0.6825794961614586 -0.06570963796537047 -1.418482669528173 
-0.6745760835811258 -0.225406050852181 0.7029503678778283 -0.7071816720603885 
-0.8544876118990739 -0.2961951257471741 0.4267544593728734 -0.3450076978656258 
-0.8421896420135981 -0.295569869628687 0.4509490648096392 -0.4396393749626314 
-0.9001101548301754 -0.2953570818551581 -0.3202591191045197 -0.04619329675285561 
-0.9998966408696951 0.01152209644995567 -0.008599352934840512 1.177832629245065 
-0.9859912662965357 -0.07367443518147296 -0.149643911963183 0.8808550199414532 
-0.6381771820172613 -0.2132300159418205 -0.7397721572578669 -0.8072880532906293 
-0.2564983904197734 -0.03917924694556926 -0.9657502587733764 -1.424844089904956 
-0.108556315010415 0.05145213320730865 -0.9927578780648265 -1.509342711177759 
-0.8219190558410905 -0.2308938390348464 -0.5207082683624688 -0.1266334638531478 
-0.6958056807243465 -0.225300488499078 -0.6819781114917147 -0.5907029979701586 
-0.7010624856790851 -0.2265678301083412 -0.6761496946190693 -0.573297872775828 
-0.8318705848376872 -0.2865632692953403 -0.4752607944829562 -0.3639093100127591 
-0.8147940982001779 -0.2840918844493613 -0.5053735041809864 -0.4558484255841528 
-0.7030756720017868 0.2654543840718548 0.6597109741517629 0.9991966318813479 
-0.9133044806001713 -0.03123318668315824 0.4060780882604556 0.754558469898901 
-0.008052097283630134 0.6228097505677213 0.7823318850252161 0.5137165273595913 
0.1643046551729495 0.7986218029353367 0.5789708076965631 0.8353273142240099 
-0.5754264923867437 0.5708347218602068 0.5856893990659802 1.70831602132479 
-0.5869811007698526 0.6409396232035798 0.4946206493330674 2.001155297071932 
-0.07109835113741983 0.9372717625048128 0.3412721314093223 1.887641211057439 
-0.231115065243736 0.9217203487771032 0.3114762033729046 2.191725933134839 
-0.04113702572883581 0.06339822213667405 0.9971401158032376 -1.802338960292657 
-0.223802898113169 -0.04642673340222326 0.9735280279590031 -1.680954743130403 
0.1579703723447361 0.2415443043623626 0.95744540862201 -1.441210924046913 
-0.5899796199068466 -0.2027668556723566 0.7815431212257701 -1.017557017519489 
-0.04791133307618851 0.04197982430533367 -0.9979690368514226 -2.035680500096147 
-0.04277268146981218 0.04984734263116233 -0.9978405384391303 -1.970474852878203 
0.1231800489435867 0.1653396627986619 -0.9785139096854375 -1.85925311364521 
0.4488088495458641 0.4721238759261293 -0.7587289781930084 -1.207473587538779 
0.6724826431589186 0.711162211103479 -0.2049765941477347 -0.5017859265510261 
0.6057214631256044 0.7833238435956388 0.1396612514748901 0.08212629024626224 
0.4895059065159819 0.5615427961645951 -0.6671234185378406 -0.7644440249486548 
0.6785785730897157 0.6684453902259031 -0.3044862565523531 -0.9915133970377221 
0.08267872360413639 0.4223694563028582 0.902645152341505 -0.3797192400793228 
0.1335700837882543 0.3916765347137026 0.9103562626090207 -0.5975846002789789 
0.5049992002619425 0.5123783418183366 0.6945820632368003 -1.16284590929063 
0.5004017240708535 0.8413237883883491 0.2043829680741378 0.4755787041975548 
0.5598785338605045 0.7564484465828008 0.3381150321779257 0.03785693989040179 
0.6040274866211417 0.7845580830432515 0.1400693033381863 0.08998845954141153 
-0.4318294783758768 -0.0482292072600071 0.9006648906073166 -0.7369579287254029 
-0.7293248436553665 -0.2380592862395627 0.6414148802937028 -0.5109939396838792 
-0.9352441942115098 -0.2920779467591052 -0.2000219243249325 0.1138697216893357 
-0.934398648000271 -0.2926154252568072 -0.203163430560334 0.1084152856591398 
-0.9276362440066316 -0.2950592864325217 -0.2289782004803085 0.06977903309508246 
-0.9317818358996443 -0.2938249072640958 -0.2131889635012421 0.09263664559666514 
-0.9212680278967376 -0.2960155800985969 -0.2522696912317202 0.03835239727061271 
-0.9114620245333216 -0.2962393482815643 -0.2854456627159236 -0.00389775124607334 
-0.9573617422407913 0.2831016776109757 0.05754941031433824 1.885645751628631 
-0.9068333688751625 0.3657188539450424 0.2095303342326553 1.994373919340874 
-0.7910389100923442 0.5555074219454934 0.2562595303269475 2.292294280552202 
-0.5951072393080887 0.8007995269822582 0.06758321765125284 2.657770590558097 
-0.8964665111629249 -0.299955451616945 0.3261510714510196 -0.09538095639964972 
-0.8948799187808562 -0.2998289788171611 0.330594183893526 -0.1036405815194218 
-0.8064835450315259 -0.2544850886503211 0.5336868288125733 -0.2558869700727827 
-0.881702727434717 -0.2991612756960223 0.3648326075861501 -0.1808169155103611 
-0.8876737862522837 -0.2993883643831533 0.3498597668674053 -0.144152663799618 
-0.7869468325673987 -0.2504454255247844 0.5639075913178047 -0.3176230323718591 
-0.2974410403698919 -0.03520409460532629 -0.9540909281754519 -1.184829244751961 
-0.6228616377428315 -0.2091340456245329 -0.7538609495053008 -0.8614426654432139 
-0.5995547764326934 -0.203772974651657 -0.7739577797647349 -0.9556453705013555 
-0.5928433298060721 -0.2018066100095299 -0.7796222665245716 -0.9790251175270011 
-0.6501282859226093 -0.215511155886201 -0.7286207199441444 -0.7581618518292883 
-0.6746449896718294 -0.2210335627182843 -0.7042714690108918 -0.6680586087745093 
-0.671507929042067 -0.2205801414052905 -0.7074047656407583 -0.6812152974602785 
-0.2641688494775106 -0.03663957010212705 -0.9637802451121622 -1.359916309857645 
-0.2773220940140723 -0.03764849637026684 -0.9600390861275951 -1.299290824994685 
-0.2839062082593384 -0.03482430207554565 -0.9582194596733863 -1.245453939430791 
-0.1326675626307058 0.04479374861216156 -0.990147886889074 -1.43379917071905 
-0.2439345214941466 -0.03765239771742313 -0.9690604966510351 -1.484956683303493 
-0.2233499107293938 -0.0378762759113529 -0.9740021586733054 -1.622194376244655 
-0.2350848932061495 -0.03978524353329554 -0.9711602480452181 -1.563322473778561 
-0.1075057549966874 0.04530270110690726 -0.9931717766403807 -1.565979246862447 
-0.08483440476520296 0.04498945951287487 -0.9953788586768724 -1.70918004760604 
-0.08372379797084709 0.05180834233451453 -0.995141307211135 -1.650073301093967 
-0.8478873242637279 -0.289165794791348 -0.4443762240214746 -0.2854420508067412 
-0.8619062900637426 -0.2915887182994107 -0.4148416161730434 -0.2206185779079548 
-0.8619569534578089 -0.2915934770011178 -0.4147329918828878 -0.2203502519644816 
-0.8807446932221845 -0.2938733127938752 -0.3713855966357787 -0.1318523058821993 
-0.8721810841369259 -0.2927833427049724 -0.3918903809845803 -0.1711410060951597 
-0.7868909085087498 -0.2410225024603669 -0.5680764485648184 -0.2818472804268256 
-0.6072196395949224 0.1386378212598606 -0.7823451053125669 0.3238982441796987 
-0.8153195286835206 0.007019342927176119 -0.5789687340195087 0.5314558177159183 
-0.9014566846988399 0.2662954112752923 -0.3412661711120799 1.631475177734993 
-0.4372837256766772 0.6824519615026007 -0.5856980992794645 1.74499263329588 
0.1572923668199629 0.3197370436410161 0.9343593175346824 -0.9664566859341329 
0.5412753759582261 0.5981559261284739 0.5909572365397252 -0.6816548460052747 
-0.4335755842297298 -0.04754665734919789 0.8998619494871236 -0.7288617179917125 
0.002808349926777749 0.2559653764888515 0.9666818707359776 -0.8086748945101733 
0.1437066140764078 0.362194800578885 0.9209578358992968 -0.7363652095085034 
0.01115825752196364 0.2711955086614236 0.9624596040203169 -0.7694982014490276 
0.01991870175647106 0.2963806612101136 0.9548621622941149 -0.6947928098434676 
0.01202662988947202 0.2821460024031491 0.9592960927166461 -0.7296528270081593 
0.1523494710613519 0.3291095775480741 0.931920878955641 -0.9055905739260497 
0.00261132013596168 0.2456125689724523 0.9693645583421646 -0.8502137802540299 
-0.4889847169952391 -0.0406465007456585 0.8713448275638177 -0.545652685090969 
-0.7877432631704245 -0.250568874414069 0.5627395405553778 -0.3148681766016112 
-0.4519856423164905 -0.04575626251000722 0.8908509098501639 -0.666428098237319 
-0.4525657337472376 -0.04550378025956591 0.8905692913074835 -0.6638135179315744 
-0.7761886419830182 -0.2480622224380764 0.5796519005883105 -0.352119422315832 
-0.2367694072142251 -0.04910533241861251 0.9703241283898293 -1.617791020747196 
-0.5496058618599816 -0.1909923345720582 0.8132990377123669 -1.171087218026594 
-0.5123545082218572 -0.1810816558485271 0.839465479826237 -1.335844373152884 
-0.2629542832052521 -0.0513430481130994 0.9634411950682138 -1.467979911740395 
-0.2485708118878434 -0.04879631413483541 0.9673838282730763 -1.533164394240758 
0.1554304598694734 0.3113910127265952 0.9374844048504858 -1.001963511059108 
0.1597891806192606 0.300901267477296 0.9401733058258898 -1.072291942372777 
0.1570213938416131 0.2548859807466544 0.9541370020572796 -1.339866206074207 
-0.02891159014902456 0.1274852047752083 0.9914190045175038 -1.341724234872234 
-0.01277349653907184 0.1951290767659479 0.9806943872515205 -1.029338993946327 
-0.02132803860037075 0.1790583289023128 0.983607253745199 -1.079809807406546 
-0.34659911064414 -0.05241778354978618 0.9365476135618621 -1.060602104669687 
-0.03263240283838018 0.1332545202543332 0.9905444760922052 -1.289444843487128 
-0.03378779110301217 0.03939829731617968 -0.998652171349447 -2.224745823060943 
-0.0269163244834392 0.0476222042594948 -0.9985026976116637 -2.155464188892018 
-0.01411839273550669 0.04466982096587614 -0.9989020362785545 -2.362361934643014 
0.09202507501076207 0.1086872640580369 -0.9898072863951055 -2.42036889300628 
0.1020823074982938 0.125960362262209 -0.9867690660101769 -2.213887853725372 
0.3197041580497377 0.2888621487551785 -0.9024122729341891 -2.302094859243641 
0.3321908232720202 0.3111981495444912 -0.890395961723739 -2.06759800786061 
0.1046862190920848 0.1289329668100269 -0.9861121060010207 -2.193661119073908 
0.1128809672447996 0.1450865836731391 -0.9829586819759699 -2.028407316515149 
0.1161222362976963 0.1490809849833844 -0.9819829357751619 -2.004193318376605 
0.3748249679639748 0.3639319570220943 -0.8526780013867332 -1.768811814579761 
0.3587126761168445 0.3453916445980411 -0.8671965335694974 -1.852997027462846 
0.3884869831007782 0.3833894577765966 -0.8379083408267416 -1.651170067895408 
0.1268686234303309 0.1702810589974438 -0.9771943068477231 -1.832102415340912 
0.1367476672787295 0.1923978127076934 -0.9717423306407523 -1.673981977810015 
0.1327870995537429 0.1865860473770276 -0.9734234603276838 -1.703355186704472 
0.6707046247827327 0.7143455912749226 -0.199663923935034 -0.4683006034439701 
0.6789710025665947 0.7240373329733384 0.1215249691815152 -0.4834032164473435 
0.6829139455207862 0.7196840143140674 0.1252336318806657 -0.5410739785360317 
0.5405870105897219 0.5938505798052139 0.5959086950587976 -0.7073414504888977 
0.6923559056634535 0.7113023063934818 0.1212119169564302 -0.6747402110588787 
0.689098015386261 0.7152361423857804 0.1165383448304634 -0.6156334495841302 
0.5322299403552482 0.5691186948732268 0.626765667323318 -0.844369447070781 
0.5338870331716635 0.5754210657016218 0.6195605159772278 -0.8061845481045942 
0.1559471539509105 0.2546307527158187 -0.954381299557984 -1.296088700981235 
0.1492877057033064 0.2314262438201677 -0.9613298469293102 -1.423037126149431 
0.1533233919117818 0.2387207718124698 -0.9589078843131517 -1.390717502420842 
-0.1358823505244863 0.05023321510122728 -0.989450661183535 -1.379163000173943 
-0.165261954301222 0.04818441500788764 -0.9850719509816979 -1.258540558871525 
-0.159965582699804 0.04350611216441496 -0.9861633893812167 -1.311213917490849 
-0.3351664710431035 -0.0277854817532883 -0.9417491192946507 -0.9844088458907727 
0.169333719890043 0.3108214291484617 -0.9352625997495615 -1.029359230786889 
0.479238777414293 0.5339296020683305 -0.6965984311334673 -0.899383219016048 
0.4824826501045266 0.5453703890517805 -0.6854061796435909 -0.8379930096871315 
0.1692339271456386 0.324793254914648 -0.9305209398314543 -0.9608707463795398 
0.6057838128028463 0.7813688194158466 -0.1499624626055879 0.08603127831750908 
0.1986763408503737 0.9800274366669779 0.008598544426748657 1.54311837325047 
-0.07578968155212736 0.9954615920672446 -0.05755121970187897 2.153751670398978 
-0.1671721349331446 0.9634056467931108 -0.2095305157466146 2.217835499350731 
0.4716581333200237 0.8633574861987361 -0.1793110601654844 0.6059366288752589 
0.6989729522149231 0.70648831365951 0.1109552825894135 -0.7695074322100436 
0.7015691164352319 0.7029991437045419 0.1165889309281509 -0.8297373832701519 
0.7181124573997314 0.686940361134479 -0.1114784228976635 -1.196551715437486 
0.6790950570940265 0.6672014956707579 -0.3060589283212704 -1.012325268272894 
0.6743991705747622 0.6494008886599868 -0.3513747921176079 -1.213841231147756 
0.674643908661162 0.6485932418821329 -0.352395237043883 -1.229057517542467 
0.6935852550400353 0.7004877040881715 -0.1680966103534854 -0.7541022453311468 
0.6960164044807324 0.6972879120108553 -0.1713205546840644 -0.8094247112098403 
0.6791353393006839 0.6847289509949937 -0.2644266525565088 -0.8013806854525291 
0.6799961857710607 0.6830639063294063 -0.2665124522547141 -0.8262914944041567 
0.1375679969228347 0.3874569043895077 0.911565792174947 -0.6224438419534297 
0.1434144544020561 0.3718553575970111 0.9171455104262135 -0.6967275100672088 
0.1386860717173134 0.3774362238072186 0.9155916505024319 -0.663151092281236 
0.5461244830708113 0.6164115805063689 0.5672607975246303 -0.5840714385345519 
0.673348692264261 0.72802792198148 0.1287512463680942 -0.425460635914075 
0.6686927214638638 0.7327913638235921 0.1259637303623996 -0.3691613393762373 
0.02137266544205889 0.3076630379587613 0.9512553097070667 -0.6570388443559163 
0.02864362620620938 0.3206251628478224 0.9467729651962852 -0.6266322247981968 
0.03060247311863742 0.3321365141251686 0.9427347583619715 -0.5907973340004631 
-0.4862073152194942 -0.04063172407802802 0.8728983386543353 -0.5530520282093496 
-0.4701203785296615 -0.04316002725620677 0.8815463922780078 -0.6052899331827807 
-0.4710924909345179 -0.04319266551272932 0.8810256855682566 -0.602671903195485 
0.1211812369228549 0.4119910712346534 0.9030938295884707 -0.4982170630753577 
0.1315903922606561 0.402060753628686 0.9061076751999287 -0.5558042463559219 
0.5235347167852049 0.5502127811851337 0.6505207880930135 -0.9457177028962573 
0.5205573332962361 0.5420690814317097 0.6596826310486686 -0.9957076494022574 
0.5096335374300621 0.5223201499359861 0.6837070414273724 -1.10113851679822 
0.1602852101429092 0.2616948197165184 0.9517481141263072 -1.309191217244573 
-0.8869145993964386 -0.2943172421656159 -0.3560335017122422 -0.1029189861462709 
-0.8917134275880763 -0.2947001321034492 -0.3435098181964151 -0.08136352491083321 
-0.7997167674857761 -0.2421307551284482 -0.5493867392129413 -0.2383223838030238 
-0.8082808683208314 -0.2416696577905246 -0.5369150905030828 -0.2054817963623052 
-0.8970120170529765 -0.2952041801528293 -0.3289740617174042 -0.05892299935929979 
-0.8952847763603203 -0.2950265147518652 -0.3338031228296384 -0.06601284665723678 
-0.8139681349194917 -0.2402204369191073 -0.528913997755852 -0.180461554692317 
-0.9085406369564464 -0.2999799122808273 0.290802275140278 -0.02984946619394258 
-0.867083135488852 -0.2973899824099681 0.3996573964197586 -0.2638786202919997 
-0.8787918281781656 -0.2987675824678979 0.3721059719939541 -0.1961724096970524 
-0.7390004109411416 -0.2404585949628247 0.6293314363174053 -0.4791451241516421 
-0.7473486963030972 -0.242015451109293 0.6187878857560372 -0.4489765735838106 
-0.7631449269273847 -0.2454983060085763 0.5977795599147869 -0.3959777187314051 
-0.7645820591933059 -0.2458547593280765 0.5957933467868348 -0.3914611765067275 
-0.3770449623736821 0.890036988691276 -0.256264033976667 2.416087137220639 
-0.5034065916339385 0.7084704517710179 -0.4946225050145521 2.022068041426293 
-0.8526583121769132 0.4194734925904382 -0.3114735810459651 1.99944806221129 
-0.6580157432615926 0.7499656045519276 -0.0675786475815814 2.637978647587089 
-0.8283304731902064 0.5448920768060351 -0.1302353708425427 2.375548826613386 
0.1535586057414732 0.3378989195960123 0.9285709852986913 -0.8687019546885367 
0.5493081952611675 0.6367653283499343 0.5411011210765689 -0.4748877508825653 
0.5462485926930893 0.6185431445815955 0.5648157693194579 -0.5715799339295696 
0.1488321411636331 0.355302362341888 0.9228267578862905 -0.7787919350108961 
0.1483441418731168 0.346086385047916 0.9264006852633445 -0.8170136472497565 
-0.5147403702751161 -0.03173019131782449 0.8567587444362447 -0.4521743093827504 
-0.5046230139950046 -0.03743821320430649 0.8625276772015298 -0.4949442572789974 
-0.8057027126752223 -0.2542895186114678 0.5349579231230586 -0.2581697820489362 
-0.7973266439691051 -0.2524185022855594 0.5482290785072231 -0.2839534321622683 
-0.2734467553229286 -0.05060364925157233 0.9605551221485346 -1.398894535589643 
-0.2890188846348271 -0.05288024391553577 0.9558617913317143 -1.332503603253029 
-0.2982484155805535 -0.05181346850573574 0.9530809236812448 -1.276062456583998 
-0.0365106249033424 0.1129099122295417 0.9929342002315584 -1.404125035863332 
-0.03495871203967876 0.07539164911157938 0.9965410115478255 -1.721088307200798 
-0.04073039960612831 0.07793982675074218 0.9961257038918279 -1.658828184819209 
0.1444769965728017 0.1960458881342381 0.9698929875027246 -1.760557342632275 
0.1479362927143288 0.2008320409903017 0.9683911113850695 -1.736657984117841 
0.1573650344689449 0.2930550093451844 0.9430562058670108 -1.106205587074453 
0.1608462570794978 0.2815207192147106 0.9459781002942659 -1.186389194713532 
0.1579520098944498 0.2741857260064851 0.9486165454094717 -1.218695009059124 
-0.01920703600669148 0.171178665958023 0.9850527671595412 -1.127322730237092 
-0.02754275618012552 0.1553933376770824 0.9874686360525981 -1.181513323071757 
-0.02461309645032589 0.1485460074475566 0.9885991498855931 -1.231266584723328 
-0.01409140621190878 0.2039761735058906 0.9788744316371052 -0.9838002580379052 
-0.005973246273507048 0.2297860273527771 0.9732228429102888 -0.8933073113417984 
-0.005436176217017066 0.2200910221679983 0.9754641920384282 -0.936928755245845 
-0.3920843475115948 -0.05082094727626146 0.9185244121711466 -0.8796781651909034 
-0.413397457228483 -0.04935042912886216 0.9092123390615756 -0.800669124561479 
-0.4104505983441176 -0.0503691566439648 0.910490666826372 -0.814775784101886 
-0.364374327997839 -0.05324285332597303 0.9297292873013263 -0.9941336622007342 
-0.3697918497052937 -0.05186835105673179 0.9276657059793647 -0.9661009538442974 
-0.387913324318597 -0.05207180093347041 0.9202237664631575 -0.9003823339365966 
-0.6841851671760154 -0.2274718989843545 0.6929265416974439 -0.6699084804093916 
-0.7088243530614811 -0.2335597457462071 0.6655958846582062 -0.5835438441155076 
-0.7086477080002231 -0.2335279767929794 0.6657950961076599 -0.584241012064761 
-0.314740777439279 -0.05369452128048374 0.9476577132073467 -1.209275000672759 
-0.322685672525335 -0.05241292152403453 0.9450538833337429 -1.163698505905267 
-0.3399155649688559 -0.05380418823139453 0.9389156075072264 -1.096880931425636 
-0.6562956493816106 -0.2204238233341124 0.721588081047312 -0.7700020357683717 
-0.6345986016886478 -0.2150981966531568 0.7423054496171861 -0.8528592111983693 
-0.6250376073855291 -0.2122873114949228 0.7511738059410957 -0.8851505857646649 
-0.3396931576103495 0.02401281878214356 -0.9402297289529012 -0.7484170022441136 
-0.3527403467924835 0.02454174954906721 -0.9353993533639999 -0.7080189087212803 
-0.3673910138043399 0.01991984218646714 -0.9298532372708532 -0.6810578460534172 
-0.7692107011570227 -0.2381851650540439 -0.5929441157256722 -0.3377422797986031 
-0.7779767735742323 -0.2393812151389061 -0.580903411607858 -0.3091215525039684 
-0.4372984170840496 0.01267745194924463 -0.8992270995848931 -0.5129704874450052 
-0.4261171264385202 0.009237402015971398 -0.9046208404407746 -0.5516505927783154 
-0.188935249067973 0.04148334371960173 -0.9811129414361348 -1.197519787233596 
-0.3030020760188465 -0.03223051721361752 -0.9524447152923953 -1.140498618417212 
-0.3167529717558514 -0.03189302684570382 -0.9479717241154697 -1.08018579787545 
-0.3213592613258547 -0.02890567759493715 -0.9465160785548646 -1.044099232191488 
0.1658923491419467 0.3015544643958298 -0.9389060834285348 -1.06522885063212 
-0.2280258138999381 0.04194145825805282 -0.9727513260204063 -1.043182837727301 
-0.1961612948117717 0.04538600112613053 -0.9795207283766628 -1.146744401818289 
-0.2190746907524327 0.03880142476607467 -0.9749362693570532 -1.09210343253163 
0.1598678501646265 0.2626182038920141 -0.9515639492268887 -1.262486503853002 
0.4557091368767776 0.4871499380129065 -0.7449926982602203 -1.1238333181897 
0.1614848456168694 0.2780827574990577 -0.9468857505622398 -1.176956330459583 
0.1651912323938547 0.2867000580306926 -0.9436709879324451 -1.142285791451293 
0.4657774875185262 0.5041072758073194 -0.7272738044224143 -1.047051354682881 
0.4707263010438212 0.5174079935521921 -0.714636773272896 -0.9744083775333126 
0.1742819050885181 0.4106757354647891 -0.8949699759540379 -0.6180207029446899 
-0.4068648319131613 0.01557429281571065 -0.9133555988526951 -0.5848727049491478 
-0.3808352036600077 0.0199645397666271 -0.9244273712981174 -0.642831901297145 
-0.3933285671743229 0.01594306598758858 -0.9192597330958805 -0.620648426614412 
-0.3230531408760527 0.02915841996219882 -0.9459315274983836 -0.780271855395015 
0.1731206213102157 0.3696020147873275 -0.9129203695516456 -0.7743256263389988 
-0.2497392655235227 0.03559684286085794 -0.9676585989046501 -0.9947598577149864 
-0.2601629624646314 0.03800357383715668 -0.9648165428397414 -0.9477487605083391 
-0.3526279768140228 -0.02298086994013582 -0.9354813678448352 -0.8967338814159239 
-0.3388738942054403 -0.02492958109594453 -0.9405014618874448 -0.9556686916685578 
0.1754677405738486 0.380801581947796 -0.9078552897923571 -0.7347505546989096 
0.175873259468406 0.402514816062544 -0.8983598496449489 -0.6516889899272691 
0.1739650905283107 0.3906655171920175 -0.9039450209800207 -0.6925315707883695 
0.5022188945230168 0.6152728819773989 -0.6076310251191132 -0.5063526130689103 
0.4913401151311737 0.5709573941823591 -0.6577176790168979 -0.7147985195481774 
0.1723496003880181 0.3346879887685717 -0.9264337890103852 -0.9238482751676292 
0.1715976033325095 0.3475475577327802 -0.9218269673016289 -0.8639031215334584 
0.1743500816789055 0.3580974166231632 -0.9172612982277056 -0.8255998203146154 
0.502115410313466 0.6103969545677638 -0.6126138037786441 -0.5311540474149339 
0.4969969971967441 0.5870344919020543 -0.6390496773293266 -0.641719326742662 
0.4977679985488601 0.5942379862392103 -0.6317501367875041 -0.6043996183109592 
0.6565422219511611 0.730652320333241 -0.1873485991062734 -0.2970571899781488 
0.6646324980536389 0.7211570008392787 -0.1954385393710164 -0.3919634329547606 
0.6622446045574479 0.7247252359102793 -0.1902772087490758 -0.3572592197943121 
0.6120783873548747 0.7755628753687817 -0.1544741858135647 0.05160176552413084 
0.6099219886947824 0.7774562780986042 -0.153482583219294 0.06317085794858532 
0.5959465718693576 0.7893069475709759 -0.1477911566818169 0.1321534607775959 
0.6003921593198192 0.7859147257501599 -0.1478759577359882 0.1124948980041595 
0.5954913817185937 0.7910575078515005 0.140064390801707 0.1289419416961951 
0.6001340261104889 0.7877590067642269 0.1388340663031009 0.1089872796640022 
-0.1119430079677144 0.7431322624820146 -0.6597144862935043 1.173290608225782 
0.4986633360582207 0.7136716988150077 -0.4919426629006545 -0.06745498473766454 
0.2222845143729155 0.8863945967007062 -0.4060716853091205 1.096889414833761 
0.3062986612880919 0.8675357804962537 -0.3918708966635295 0.878411960978288 
0.7171547687840428 0.6887266915315577 -0.1065109477110252 -1.155174538973583 
0.7176865338394667 0.689522519387343 0.09738960110413951 -1.164246345835685 
0.70561499348871 0.6946051317873287 -0.1401113552094734 -0.9372257504581244 
0.7071933402135908 0.6920921010144222 -0.1445202521136299 -0.9864133467395594 
0.7105351353335777 0.6948153412945594 0.1112270783497413 -1.011940962388298 
0.7085301180932004 0.697886460689397 0.1045923502999255 -0.9501757514939599 
0.677102488167365 0.6989641338805551 -0.2301768017550182 -0.6385221250762401 
0.6783213303210203 0.6969619929139138 -0.2326459826968585 -0.6654927282175248 
0.6751776139414041 0.7078569918622311 -0.2075419685368376 -0.5430756351346363 
0.6813091190386624 0.7064306393913389 -0.191764532810178 -0.5990531262206742 
0.6847449012113761 0.7026677299186357 -0.193345497997792 -0.658113793923191 
0.5167200200575807 0.7120061599265777 0.4754446856347248 -0.07790933851959619 
0.6450875692322736 0.7518193682396178 0.1364905328650249 -0.1630698409600581 
0.6383568779051211 0.7576074400155524 0.1361303172122495 -0.1114646112118612 
0.6357313271749185 0.7530611673269237 -0.1695422009784811 -0.1048373917768979 
0.5252589169439684 0.7065410447412525 0.4742392036375617 -0.1104219287408816 
0.556679908317733 0.6783535108460354 0.4795247584830404 -0.2841679154974812 
0.5473407199863413 0.6651349583267813 0.5079504143678443 -0.3239714686728515 
-0.897748554700006 -0.2952273275895702 -0.3269378497182162 -0.05571268187781187 
-0.8176808059015456 -0.2381640426953101 -0.5240954001202697 -0.1611931624545142 
-0.9001948835438127 -0.2998709405798016 0.3157951719664607 -0.07350304479511671 
-0.8224203434252434 -0.2575882680135335 0.5072209211991285 -0.2059003504390079 
-0.9202813888378731 -0.3001000575073397 0.251042069866241 0.0197822552384595 
-0.9283137012089999 -0.2992955670892971 0.2205806783658618 0.05788117766231041 
-0.9334878415973236 -0.2979792847246641 0.1995214160558902 0.08627112235527751 
-0.9368243467882389 -0.2965384648023902 0.1855399745538173 0.1068953247781544 
-0.912505455391179 -0.1173161258931911 0.3918810029674189 0.5106440069502471 
-0.9388975265325379 -0.2952361641200091 0.1769379610676727 0.1210111353701343 
-0.9431428567753104 -0.2798747900876201 0.1793088218329393 0.1764799007933399 
-0.9391166878292148 -0.2950539875278722 0.1760766625211511 0.1226142955491705 
-0.03920982622075531 0.09443321203875735 0.9947587436116263 -1.526842160168446 
-0.03405888932382634 0.09084969940914862 0.9952820324788823 -1.585168096152471 
-0.03204516274259078 0.1082427418741777 0.993607878580057 -1.459197064743172 
0.1544929076152768 0.2353639359546304 0.9595497689794532 -1.469832367733748 
0.1538645501890715 0.2212228094989628 0.963008914160456 -1.5832599713044 
0.150300231002321 0.2156878762440894 0.9648256736851291 -1.609772550343505 
-0.3859487408994134 -0.01006283193700976 -0.9224653428782921 -0.7323810388775861 
-0.2804612472848932 0.03196460068806823 -0.9593329729943896 -0.9050300384379461 
-0.3105621745281151 0.02806811963915802 -0.9501385774781962 -0.8230775290453886 
-0.292051074703333 0.03368065443473881 -0.9558094911024245 -0.8601208812331864 
-0.3555183994822188 -0.0203796613758194 -0.9344470755649078 -0.8744319993176626 
0.5051456523489124 0.634037494160446 -0.5855120202965385 -0.4206190040801654 
0.505289418616284 0.6317064617057548 -0.5879026702385467 -0.4322494882565021 
0.6404920176297761 0.7479150950484841 -0.1743358424167426 -0.1450040566805646 
0.6142923628339625 0.7733659734981094 -0.1566842812766776 0.03809057137280147 
0.5066617359420952 0.69718321908357 -0.5071779217990602 -0.1460544580934121 
0.5031774246784879 0.7067138335408799 -0.4973610728393187 -0.1018700432842574 
0.1742489770109561 0.4292567978458911 -0.8862143620556637 -0.5515896940718698 
0.1757082525558174 0.4230432392567684 -0.8889100222761142 -0.576368978187072 
0.5069153946953821 0.6506560169737593 -0.565405633325905 -0.3462814990512594 
0.50700364513228 0.651042301401887 -0.5648816031770865 -0.3446929528329694 
0.5082099782119378 0.6844666804696615 -0.522712140066274 -0.2011901757373226 
0.6329348194580332 0.7555428328790081 -0.1689631379999497 -0.08527529930029373 
0.5505197099163304 0.6527109341261099 0.5204771709363057 -0.3914564421849026 
0.5493667575505413 0.6370005247159905 0.5407647336966025 -0.4737332441891902 
0.6637677302479191 0.7362361317129347 0.1317905863174609 -0.3251710926819684 
0.6482258451873003 0.7496923863382452 0.1332838305935024 -0.1849105032207837 
0.6534591059285783 0.7346779507872778 -0.182317046668789 -0.2607921279141338 
0.658401166250025 0.7413768991539153 0.1298776257926377 -0.2703759906957413 
0.6542891291999985 0.7442085727716672 0.1343850275286127 -0.2381402607361377 
0.6445446733853785 0.7441568048471432 -0.1754788129952628 -0.1770264325317251 
0.6484240117462577 0.7395961061252877 -0.1803992815817215 -0.2151987558178752 
0.6197503774001255 0.7683172377280564 -0.1599940371461741 0.005450501360064337 
0.6192703638833086 0.768822587633281 -0.1594241047040893 0.008727881829288645 
0.6259917660821304 0.7623588300192519 -0.1641442143027065 -0.03544012566590901 
0.6272332462381371 0.7612977211782233 -0.1643296520485956 -0.04322379469079819 
0.6363133674657647 0.758970990600478 0.1380881378370626 -0.0987072246070292 
0.6289771047071991 0.7650067201124519 0.1383926296337266 -0.04890937217054625 
0.5436043017664936 0.6759573608699385 0.4975701049969852 -0.2669464424926065 
0.543645081685905 0.6759059730657111 0.4975953584317483 -0.2672435587904914 
0.5394228912255494 0.6852394528741368 0.489356553697427 -0.2193612452134106 
0.5571441500561731 0.6854191441475367 0.4688187207164862 -0.2524786977358955 
0.5598914887022163 0.6975324096840688 0.4471801184300935 -0.2045052010212717 
0.5490966431525972 0.6625721578347371 0.5094026031939468 -0.3393328978466657 
0.5526908241598371 0.6652050538440253 0.502030964413439 -0.3354023226165258 
0.5508578926308286 0.6548582480575375 0.5174130430104513 -0.380977099598717 
0.5514268752753229 0.6563875199835699 0.5148629184879333 -0.3750306734513125 
-0.8999804244098663 -0.2953470479148819 -0.3206327446893123 -0.04667564628157755 
-0.899233115520771 -0.2952996937965277 -0.3227660062560563 -0.04960044687679399 
-0.8212944648560803 -0.2333113047710685 -0.5206162089896802 -0.1351432644111482 
-0.8199848299846317 -0.2357887111816346 -0.5215635745279558 -0.1464114097230456 
-0.9073458325474426 -0.2999368562675721 0.2945529195426763 -0.03560881684073425 
-0.9042718433586858 -0.2998774667227367 0.3039176504591967 -0.05134110721375607 
-0.840207717753834 -0.2589550890001243 0.4764380892706119 -0.1420853639077108 
-0.8330573645140955 -0.258837206816156 0.4888954160108684 -0.1691599289345042 
-0.909360331540878 -0.2999316953966829 0.2882789716859966 -0.0255670430087645 
-0.8449995086876951 -0.2584081388331877 0.4681891328323651 -0.1221713943034787 
-0.3997254057609055 -0.004559182214234986 -0.9166235944196597 -0.6708006526987129 
-0.3989697180212539 -0.005565640530280678 -0.9169472109928297 -0.6766981735485381 
-0.7494588725716926 -0.2350887728321155 -0.6189060245399599 -0.4035884014118527 
-0.7450843555542368 -0.2341582778740244 -0.6245151751650225 -0.4174570066540005 
-0.3845358818006492 -0.0117316936312667 -0.9230354938854406 -0.7433284240094278 
-0.3690776624157609 -0.0175857153887433 -0.9292321678245882 -0.8165772470976404 
-0.3711976614751594 -0.01538716224736212 -0.9284263736847129 -0.8002174440463775 
-0.7141926477372829 -0.2286689429994596 -0.6615431780507749 -0.5243730609919397 
-0.726898276365081 -0.2313068103644356 -0.6466189413375588 -0.4814322388484253 
-0.730795416313009 -0.2317403739989536 -0.6420548719188424 -0.4665652200114687 
0.1710933750846318 0.4573523069205311 -0.8726717162579625 -0.4502668367114047 
0.1751995826695205 0.4423726472511876 -0.8795519013659183 -0.5083802284851351 
0.5076194539876207 0.6773641064051895 -0.5324475159930874 -0.2300803734945671 
0.5074247772112254 0.6650420706202181 -0.547940817768955 -0.2828463234592533 
0.5080009090602328 0.6687714663966201 -0.5428441784966396 -0.2675687300944911 
0.6281195294388147 0.7655705863329566 0.139167288108144 -0.04406135524719143 
0.5329386440351823 0.6988434869146547 0.4770683205694001 -0.15220079672172 
0.5387510497037501 0.688425126623999 0.4856111113595304 -0.2044351502608443 
0.5598403252613472 0.7026387093760969 0.4391783855081689 -0.1816999101011494 
0.5613300817346328 0.7170912798086951 0.4131448120963375 -0.1225347691138376 
0.5615756952506561 0.7141224556490032 0.4179256594677812 -0.1357031473554244 
-0.9107612398957652 -0.2998878990353956 0.2838683003007996 -0.01880041269946547 
-0.9105648992581612 -0.2998904814717645 0.2844947510264607 -0.01969796151422026 
-0.8482211542840996 -0.2574938087709425 0.4628367010832037 -0.1073790857424127 
-0.4125503556092377 0.0009976799877777904 -0.9109342504930492 -0.6150981097644241 
-0.4123867020012577 0.0007541448383191369 -0.9110085835369987 -0.6163873625539659 
-0.4248135086720445 0.007084530393307107 -0.9052531647439036 -0.5620503068599059 
-0.7686460064102961 -0.2380619918049892 -0.5937253614991902 -0.3394391820565555 
-0.7574987784314837 -0.2360950890170782 -0.6086499072675752 -0.3754585131093744 
0.5620642058652561 0.7291274945998707 0.3904573281468471 -0.073714192075407 
0.5621968018556224 0.7282520618024403 0.3918975509795956 -0.07755937214652389 
0.5621543039974011 0.7386993339356168 0.3718949213692943 -0.0352026344477811 
0.6202838633840553 0.7718285991018796 0.1397445613746051 0.003769995329286111 
0.6206507300545304 0.7714854111513196 0.140010469835143 0.001370183030774755 
-0.8502433075383465 -0.2564680228389466 0.459685187108889 -0.09699778346206517 
-0.9053804551842827 -0.2951685661798409 0.305224096213975 -0.02739396853527254 
0.5617801973362038 0.74985345144783 0.3494607434786815 0.009315835927742544 
0.5623559162709223 0.7402834871379819 0.3684239163055526 -0.02922161963187062 
0.6084263168740546 0.781019777753058 0.1408031380816364 0.06772032079122303 
0.6124955774107094 0.7779858764873691 0.1399540768913212 0.04722772641868496 
0.6140085179811068 0.7766406798451399 0.1407934453599452 0.03834708086185221 
-0.8522108291473903 -0.2545769561046777 0.4570856332290421 -0.08480396958713815 
-0.8515078530284654 -0.2554446169833828 0.4579109344458439 -0.08960655536389284 
-0.8966921736571966 -0.2878079611002599 0.3363178901415197 -0.03940318078836774 
