62
3 10 2 8
3 9 2 8
3 9 26 2
3 19 26 79
3 21 10 8
3 34 97 99
3 5 19 79
3 7 21 8
3 7 9 8
3 16 21 48
3 93 26 79
3 93 97 79
3 72 97 79
3 72 5 79
3 12 10 2
3 12 34 2
3 11 34 2
3 11 34 97
3 11 26 2
3 11 93 26
3 11 93 97
3 32 12 10
3 32 12 34
3 92 3 48
3 92 74 3
3 92 34 99
3 92 74 99
3 1 5 19
3 1 3 0
3 1 5 3
3 6 7 0
3 6 1 0
3 6 1 19
3 22 19 26
3 22 9 26
3 22 7 9
3 22 6 19
3 22 6 7
3 4 16 21
3 4 7 0
3 4 7 21
3 4 3 0
3 4 16 3
3 41 3 48
3 41 16 48
3 41 16 3
3 131 72 97
3 131 97 99
3 131 74 99
3 28 32 48
3 28 32 10
3 28 21 48
3 28 21 10
3 58 32 48
3 58 32 34
3 58 92 48
3 58 92 34
3 69 131 72
3 69 5 3
3 69 72 5
3 69 74 3
3 69 131 74
