4
62
-0.147873927526284 0.1215470880946842 -0.981508842004826 -14.60449999713254 
-0.12832006340496 0.3153191982767549 -0.9402700487231589 -16.41202003370451 
0.1960913774251454 0.6334298432400541 -0.7485417860028856 -19.96902865078197 
0.9052770738869833 0.3868268845085006 -0.1756086014865689 -23.2117952152891 
-0.9107211756224078 -0.09801791911885985 0.4012224168769089 -20.26544206995455 
0.6491229213579175 -0.3733183743424877 -0.6627766021413589 -21.48794041639663 
0.7087538483579614 0.2438189827474033 0.6619820889493924 -16.44112066134344 
-0.7882571287631688 -0.02312438240450621 0.6149113447420331 -16.00653022798628 
-0.2229699722980726 0.8967446500750094 -0.3822740169240459 -22.19074908793456 
-0.3847232127861609 -0.5234290702484941 0.7602697271115637 -13.09101101568778 
0.8620967631648286 0.2879917350565154 -0.4169531526201275 -22.33274735071109 
0.8672151709290558 0.2624624782301078 -0.4231445318467424 -22.386303629114 
0.9983373969551319 -0.04764811883118611 -0.0324360696247323 -23.78530417864304 
0.78648877773007 0.1402651964589578 0.6014657738948995 -18.08918243660305 
-0.07023611795301359 -0.04218404241178825 -0.9966380457822642 -13.56427246222173 
0.01345465686406939 -0.09967477531146635 -0.9949290986674775 -13.56131684055125 
0.2316879136720236 -0.0890671474393314 -0.9687041622215346 -15.09934794697751 
0.4335923721557796 -0.1424061959713938 -0.889785440517702 -17.21857678782661 
0.450500902230549 0.387878576691138 -0.804113889218137 -20.02970329386345 
0.8188093397341231 0.2694949384350518 -0.5068764576522143 -21.8937903048442 
0.8188559667430658 0.2629231696162949 -0.5102414258056671 -21.89126205995712 
-0.07272242274228664 -0.1497913690948449 -0.9860395504112318 -14.07589230027073 
-0.04636234501133961 -0.1520215533505959 -0.9872892080246403 -14.00381888195765 
0.3280610203566877 -0.9329813846276791 -0.148059794882836 -25.2880201784211 
0.6028830377671171 -0.7419099622299501 -0.2934308278225837 -25.24607159472991 
0.665104621245927 -0.6114498230165012 -0.4286781505166804 -23.94464802446574 
0.6680730169642601 -0.6118429024201494 -0.4234698416208159 -23.95689301632978 
0.05913247767681192 0.1790768259154141 0.9820564344801482 -2.458096929479144 
0.0169695419436707 0.0310465392400684 0.9993738775090314 -1.720164725528652 
0.04907588089708023 0.03008790165388088 0.9983417631694278 -2.256119748432537 
-0.08989673357635396 0.1627601596636121 0.9825618085996308 -2.714506825698488 
0.02094718447583592 0.1274565071519886 0.9916229395527064 -1.812457795378168 
0.05397225991346756 0.1802037259526359 0.9821474493743903 -2.372220534695717 
0.364480115535134 0.8030994562038767 0.4713655787438589 -17.53311516054192 
0.09848836008694072 0.98620793969496 -0.1330185799428312 -20.63875392599506 
-0.04137524829743978 0.995198883960403 0.08869763352138385 -18.77518034222226 
0.04512053791851711 0.4097161363420402 0.9110964958108963 -5.407056471150173 
0.006750089182760835 0.4727521085388257 0.8811696091945745 -6.380992811009618 
-0.2859888275928768 -0.1071405667881828 0.9522243902780262 -5.045754727340533 
-0.2613753619053284 0.006449698097687764 0.9652156865609403 -3.803211818709448 
-0.3070795260545582 -0.01974400023806626 0.9514790271638715 -4.394892869258618 
-0.01303637044202297 9.022101624911935e-005 0.9999150188420346 -1.912003215298004 
-0.076886148819734 -0.1250166865880104 0.9891710409197313 -3.584875096320184 
0.1088144685122046 -0.8384705173691743 0.5339724739582327 -21.14633853631625 
-0.1921422748730214 -0.4517336552033082 0.8712164202787267 -10.24842873300028 
-0.1036794827726945 -0.2978217970488699 0.9489745739768629 -6.830908291137452 
0.9825096674587164 -0.1859903585978872 -0.009074131296817048 -23.77651122092643 
0.7360268000479306 -0.4305949809773317 -0.5223528615489103 -22.71296685763905 
0.7502868803588548 -0.5155641325930238 -0.4138396094442635 -23.52850540557301 
-0.3749452464872192 -0.7850430928230615 -0.4930754552271288 -24.18759605714048 
-0.3069542503452417 -0.450187785470178 -0.838516574677238 -20.2281753705813 
-0.5975000622926865 -0.7887871872792334 0.1442513387956972 -22.90224928880548 
-0.7824278147673491 -0.6126375463652182 -0.1117226542022523 -25.44470960733418 
-0.1176975039749852 -0.8009171894498521 -0.5870936494306576 -24.22356527330019 
-0.004887219423220787 -0.6530819577683679 -0.7572714648814816 -22.242633060575 
0.3209092091400982 -0.9302194357754388 -0.1780704377337825 -25.32492487525092 
0.3386762097419692 -0.8806332974533574 -0.3313358120868318 -25.38011036148163 
0.94131812631929 -0.2690423223575414 0.2038048425410985 -22.96662461102405 
0.5473543826573672 -0.1144784756234786 0.8290342926590533 -13.07249451806456 
0.556006116600131 -0.1150573318832692 0.8231761711098936 -13.25686150749669 
0.8954378740348423 -0.4266124279537223 0.1272511298943625 -23.98700851858339 
0.8997395277437014 -0.4245530933919114 0.101111092897369 -24.04076353563611 
