3
1055
-7.83181 1.42593 1.80993
16.7503 0.380784 1.42499
8.24726 11.6207 -14.6831
16.1112 -21.7765 2.12418
-8.10838 -9.38854 1.8073
22.1039 -0.00806331 1.17354
-3.97154 13.1388 0.222892
-22.6418 18.1305 -2.31216
-27.7127 14.0329 -8.96666
-2.13421 19.7174 -10.5511
-26.7521 -5.26922 -11.5017
17.0147 6.71922 -12.1355
-3.85832 -5.95424 -13.0861
17.7655 -14.1675 1.80632
2.1757 -6.19351 1.53662
21.6229 -0.155446 0.997212
-8.62103 -17.6169 0.727509
4.83852 8.30695 0.188103
-14.2134 -3.80922 -0.621007
19.5958 13.6195 -1.16041
-7.17923 11.5201 -1.96952
-22.0982 -12.8037 -2.77863
9.32104 19.549 -3.31804
-17.3794 5.49474 -4.12715
-2.41071 17.5903 -5.47566
-21.7575 -5.56429 -6.28477
16.4706 18.3621 -6.82418
-10.4433 8.88253 -7.63329
-18.1174 -16.8549 -8.4424
6.02118 12.5415 -8.9818
-9.82494 -3.54197 -9.79091
18.347 4.1748 -10.3303
-5.07507 -21.7289 -10.6
4.91139 -3.98291 -11.1394
9.43452 -20.8993 -11.4091
16.8482 -9.75361 1.57089
6.22568 -4.32032 1.33624
13.0551 -19.9907 1.10159
19.4766 -0.206102 0.866934
-1.13099 -12.104 0.632281
8.04008 5.56001 0.162974
4.39662 -24.6952 -0.0716787
-4.94154 -2.69571 -0.540985
18.0954 9.17985 -1.01029
-5.50858 -19.991 -1.24494
-0.14858 7.74938 -1.71425
-10.314 -8.82438 -2.41821
11.0944 13.2201 -2.88752
-2.70186 -27.5591 -3.12217
-7.09874 3.64382 -3.59148
-10.2994 -16.9177 -4.29544
3.1006 11.8855 -4.76474
-10.0819 -3.89158 -5.4687
15.966 12.4114 -5.93801
-5.37248 -23.3292 -6.17266
-2.37266 5.95219 -6.64197
-7.60161 -11.5848 -7.34593
8.84592 8.44535 -7.81523
2.72333 -24.7442 -8.04989
-1.95132 -2.51361 -8.51919
17.2445 2.74444 -8.9885
1.28515 -14.9058 -9.22315
8.08973 -2.81406 -9.69246
11.1717 -14.3406 -9.92711
15.1675 -7.02595 1.38967
7.59091 -3.15063 1.18205
12.462 -14.3276 0.974419
17.0422 -0.216153 0.766791
2.34373 -8.70238 0.559164
20.6999 -12.6738 0.351537
8.88503 3.89654 0.143909
6.28632 -17.6831 -0.0637179
23.6876 -2.69236 -0.271345
-0.374152 -1.99187 -0.478973
17.6272 -19.4329 -0.6866
16.057 6.47841 -0.894227
-0.778595 -14.3278 -1.10185
3.04444 5.45812 -1.51711
9.82234 -22.4511 -1.72474
23.9132 3.1652 -1.93236
-4.20611 -6.36317 -2.13999
11.0635 9.36012 -2.55525
1.22331 -19.7258 -2.76287
-1.91279 2.52982 -3.17813
20.1799 7.56111 -3.59338
-4.19564 -12.1358 -3.80101
5.36193 8.40821 -4.21626
6.18601 -22.6933 -4.42389
-4.04055 -2.84484 -4.83915
14.5382 8.78331 -5.2544
-0.681523 -16.7088 -5.46203
1.45811 4.17627 -5.87728
11.8941 -21.9566 -6.08491
21.6057 3.76 -6.29254
-2.27146 -8.33205 -6.50016
9.4598 5.95453 -6.91542
5.09284 -17.718 -7.12305
23.4029 -3.8519 -7.33067
1.75863 -1.86199 -7.5383
15.4791 -16.8925 -7.74593
15.4501 1.88833 -7.95356
4.06706 -10.7008 -8.16118
18.8256 -9.18547 -8.36881
8.92045 -2.07629 -8.57644
11.1187 -10.2976 -8.78407
13.3798 -5.25184 1.24592
7.76921 -2.3821 1.05975
11.3764 -10.6589 0.873583
14.768 -0.209061 0.687414
3.88358 -6.49327 0.501245
17.4767 -9.43421 0.315077
8.72753 2.83647 0.128908
6.80314 -13.1436 -0.0572612
19.6891 -2.04273 -0.24343
1.87094 -1.52401 -0.429599
15.2012 -14.4394 -0.615768
14.0385 4.74838 -0.801937
1.57144 -10.659 -0.988106
21.7005 -7.6259 -1.17427
4.40247 3.99284 -1.36044
9.42163 -16.6745 -1.54661
19.8562 2.29489 -1.73278
-0.96669 -4.76104 -1.91895
19.4248 -13.7333 -2.10512
10.3407 6.88234 -2.29129
3.05389 -14.6563 -2.47746
23.1213 -3.60772 -2.66363
0.731556 1.82438 -2.84979
13.6299 -17.3786 -3.03596
17.0916 5.55014 -3.22213
-0.95894 -9.03575 -3.4083
22.1855 -10.4652 -3.59447
6.11861 6.17743 -3.78064
6.72886 -16.8538 -3.96681
21.7444 0.446701 -4.15298
-0.844091 -2.15565 -4.33915
17.4049 -15.3655 -4.52531
12.9138 6.4552 -4.71148
1.64333 -12.4221 -4.89765
22.3807 -6.20283 -5.08382
3.22777 3.04361 -5.26999
10.9558 -16.3083 -5.45616
18.1474 2.73535 -5.64233
0.465954 -6.21903 -5.8285
18.982 -11.3844 -6.01467
9.15316 4.36044 -6.20083
5.91935 -13.1695 -6.387
19.4783 -2.9014 -6.57317
3.45031 -1.42784 -6.75934
13.6106 -12.5582 -6.94551
13.5891 1.34935 -7.13168
5.15974 -7.97312 -7.31785
16.0887 -6.85101 -7.50402
8.75376 -1.58652 -7.69018
10.3816 -7.67457 -7.87635
11.7164 -4.04825 1.12912
7.42949 -1.85553 0.960394
10.1857 -8.17965 0.79167
12.7772 -0.195151 0.622945
4.46055 -4.9968 0.454221
14.8468 -7.24392 0.285497
8.16173 2.13188 0.116772
6.69133 -10.0782 -0.0519523
16.5373 -1.59623 -0.220677
2.92273 -1.19988 -0.389401
13.1082 -11.0683 -0.558126
12.2198 3.59274 -0.72685
2.69389 -8.17976 -0.895575
18.0742 -5.86222 -1.0643
4.85702 3.01545 -1.23302
8.69208 -12.7761 -1.40175
16.6649 1.71807 -1.57047
0.754543 -3.67323 -1.7392
16.3353 -10.5288 -1.90792
9.39435 5.22327 -2.07665
3.8266 -11.234 -2.24537
19.1598 -2.79201 -2.41409
2.05214 1.35856 -2.58282
11.9076 -13.3141 -2.75154
14.5526 4.20535 -2.92027
0.760465 -6.93947 -3.08899
18.4447 -8.03166 -3.25772
6.1683 4.68466 -3.42644
6.63457 -12.9131 -3.59517
18.1077 0.305905 -3.76389
0.848218 -1.6825 -3.93261
14.7919 -11.7759 -4.10134
11.3604 4.8969 -4.27006
2.74881 -9.52695 -4.43879
18.5938 -4.77489 -4.60751
3.95945 2.29016 -4.77624
9.86429 -12.4963 -4.94496
15.3593 2.05462 -5.11369
1.8492 -4.78726 -5.28241
15.997 -8.73401 -5.45113
8.48694 3.29632 -5.61986
6.01604 -10.098 -5.78858
16.3762 -2.25232 -5.95731
4.12949 -1.1264 -6.12603
11.8928 -9.63093 -6.29476
11.8764 0.995602 -6.46348
5.43564 -6.12753 -6.63221
13.7863 -5.27014 -6.80093
8.18177 -1.24765 -6.96965
9.42556 -5.89941 -7.13838
10.2455 -3.20237 1.03234
6.88177 -1.48189 0.878074
9.04435 -6.44401 0.723808
11.0777 -0.179097 0.569541
4.55224 -3.94664 0.415274
12.7016 -5.70981 0.261008
7.45631 1.64677 0.106741
6.30259 -7.93369 -0.0475257
14.0281 -1.27843 -0.201792
3.34561 -0.967445 -0.356059
11.3375 -8.71055 -0.510326
10.6404 2.79302 -0.664592
3.16605 -6.44409 -0.818859
15.2339 -4.62568 -0.973126
4.86333 2.34005 -1.12739
7.87244 -10.0505 -1.28166
14.1282 1.32209 -1.43593
1.64438 -2.90812 -1.59019
13.8696 -8.28723 -1.74446
8.42347 4.07238 -1.89873
4.05482 -8.84058 -2.05299
16.0857 -2.21668 -2.20726
2.66252 1.04 -2.36153
10.3954 -10.4726 -2.51579
12.4708 3.27369 -2.67006
1.64902 -5.47092 -2.82433
15.5247 -6.3279 -2.97859
5.8922 3.64977 -3.13286
6.25805 -10.158 -3.28713
15.2602 0.21405 -3.44139
1.71788 -1.34612 -3.59566
12.6586 -9.26578 -3.74993
9.96608 3.8163 -3.90419
3.20915 -7.50115 -4.05846
15.6417 -3.77251 -4.21273
4.15906 1.77096 -4.36699
8.7922 -9.83098 -4.52126
13.1038 1.58615 -4.67553
2.50328 -3.78223 -4.82979
13.6041 -6.87898 -4.98406
7.71148 2.56043 -5.13833
5.77273 -7.94921 -5.29259
13.9016 -1.79322 -5.44686
4.29248 -0.909783 -5.60113
10.3838 -7.58274 -5.75539
10.3709 0.755209 -5.90966
5.31733 -4.83385 -6.06393
11.8695 -4.16111 -6.21819
7.47203 -1.00492 -6.37246
8.44795 -4.65486 -6.52673
8.97233 -2.58981 0.950845
6.27228 -1.20877 0.808755
8.00819 -5.19189 0.666665
9.64041 -0.163017 0.524574
4.40236 -3.18723 0.382484
10.9439 -4.60254 0.240394
6.73347 1.30262 0.0983044
5.80737 -6.38766 -0.0437857
12.0086 -1.04546 -0.185876
3.43379 -0.795827 -0.327966
9.84888 -7.01125 -0.470056
9.28933 2.22271 -0.612146
3.28966 -5.19195 -0.754236
12.9766 -3.7323 -0.896326
4.65207 1.85911 -1.03842
7.0675 -8.08685 -1.18051
12.089 1.04199 -1.3226
2.06821 -2.35361 -1.46469
11.8814 -6.67144 -1.60678
7.50981 3.24966 -1.74887
4.00308 -7.11562 -1.89096
13.6603 -1.79859 -2.03305
2.88548 0.815557 -2.17514
9.09271 -8.42568 -2.31723
10.7586 2.60855 -2.45932
2.07194 -4.41078 -2.60141
13.21 -5.09868 -2.7435
5.47795 2.91042 -2.88559
5.77162 -8.17314 -3.02768
12.9977 0.152562 -3.16977
2.12721 -1.09979 -3.31186
10.9094 -7.45693 -3.45395
8.74807 3.0441 -3.59604
3.32426 -6.04045 -3.73813
13.3039 -3.04747 -3.88022
4.08675 1.4023 -4.02231
7.80579 -7.91062 -4.1644
11.2667 1.25395 -4.30649
2.75766 -3.05526 -4.44858
11.6683 -5.54103 -4.59067
6.9383 2.03601 -4.73276
5.38205 -6.40012 -4.87485
11.9072 -1.45868 -5.01694
4.19385 -0.749542 -5.15903
9.08339 -6.10594 -5.30112
9.07305 0.586953 -5.44321
5.0165 -3.8994 -5.5853
10.276 -3.35939 -5.72739
6.74609 -0.825909 -5.86948
7.52946 -3.75573 -6.01157
7.88003 -2.13465 0.881275
5.6695 -1.004 0.74958
7.09069 -4.26498 0.617886
8.42698 -0.147839 0.486191
4.13859 -2.62377 0.354497
9.49416 -3.78248 0.222802
6.04707 1.05208 0.0911073
5.28887 -5.24396 -0.0405873
10.3659 -0.870292 -0.172282
3.34562 -0.665921 -0.303977
8.59766 -5.75449 -0.435671
8.13955 1.80536 -0.567366
3.22762 -4.26503 -0.699061
11.1583 -3.07002 -0.830755
4.34303 1.50768 -0.96245
6.32054 -6.63509 -1.09414
10.4317 0.838699 -1.22584
2.22762 -1.94128 -1.35753
10.2617 -5.47629 -1.48923
6.68266 2.64612 -1.62092
3.8117 -5.83994 -1.75262
11.7181 -1.48689 -1.88431
2.89671 0.653321 -2.01601
7.97858 -6.91249 -2.1477
9.34245 2.12124 -2.2794
2.23067 -3.62549 -2.41109
11.3494 -4.18867 -2.54279
5.01917 2.36839 -2.67448
5.25961 -6.70573 -2.80617
11.1756 0.110526 -2.93787
2.27592 -0.914779 -3.06956
9.46587 -6.11937 -3.20126
7.69643 2.47783 -3.33295
3.25595 -4.9597 -3.46465
11.4263 -2.50934 -3.59634
3.8802 1.13369 -3.72804
6.92498 -6.49081 -3.85973
9.75843 1.01224 -3.99143
2.79207 -2.51572 -4.12312
10.0872 -4.55083 -4.25482
6.21476 1.65251 -4.38651
4.94067 -5.25416 -4.5182
10.2828 -1.2086 -4.6499
3.96788 -0.628027 -4.78159
7.97096 -5.01332 -4.91329
7.96249 0.466162 -5.04498
4.64138 -3.20682 -5.17668
8.94732 -2.76471 -5.30837
6.0574 -0.690549 -5.44007
6.69875 -3.08919 -5.57176
6.94525 -1.78884 0.821192
5.10398 -0.847058 0.698476
6.28777 -3.5633 0.57576
7.40084 -0.133918 0.453043
3.82881 -2.19625 0.330327
8.28975 -3.1614 0.20761
5.41848 0.865554 0.0848938
4.78694 -4.37874 -0.0378226
9.01583 -0.735687 -0.160539
3.16831 -0.565456 -0.283255
7.54301 -4.80399 -0.405972
7.16143 1.493 -0.528688
3.07002 -3.56334 -0.651405
9.67592 -2.56795 -0.774121
3.9991 1.24505 -0.896838
5.64627 -5.53749 -1.01955
9.07065 0.687822 -1.14227
2.23706 -1.62777 -1.26499
8.92908 -4.57227 -1.3877
5.9479 2.19332 -1.51042
3.55652 -4.87517 -1.63314
10.1422 -1.24928 -1.75585
2.79439 0.533411 -1.87857
7.02734 -5.76855 -2.00129
8.16338 1.75612 -2.124
2.23961 -3.03063 -2.24672
9.83508 -3.49974 -2.36943
4.5623 1.96198 -2.49215
4.76256 -5.59633 -2.61487
9.69031 0.0812883 -2.73758
2.2773 -0.772743 -2.8603
8.26618 -5.10792 -2.98302
6.79232 2.05314 -3.10573
3.09361 -4.14197 -3.22845
9.89912 -2.10094 -3.35117
3.61359 0.933534 -3.47388
6.14974 -5.41731 -3.5966
8.50987 0.832371 -3.71932
2.70722 -2.10625 -3.84203
8.78375 -3.8014 -3.96475
5.55816 1.36569 -4.08746
4.4969 -4.38724 -4.21018
8.94662 -1.01748 -4.3329
3.68662 -0.533892 -4.45561
7.02099 -4.18663 -4.57833
7.01394 0.377516 -4.70105
4.24761 -2.68191 -4.82376
7.83425 -2.31365 -4.94648
5.42709 -0.58597 -5.0692
5.9613 -2.58393 -5.19191
6.14478 -1.52094 0.76878
4.58759 -0.724454 0.653895
5.58874 -3.02163 0.539011
6.53008 -0.121338 0.424127
3.50915 -1.86549 0.309243
7.28185 -2.68174 0.194359
4.85357 0.723933 0.0794745
4.31946 -3.71127 -0.0354097
7.89591 -0.630266 -0.150294
2.95055 -0.486298 -0.265178
6.65032 -4.07091 -0.380062
6.32761 1.25458 -0.494946
2.86743 -3.02167 -0.609831
8.45416 -2.17985 -0.724715
3.65317 1.04488 -0.839599
5.04621 -4.69124 -0.954483
7.94227 0.573622 -1.06937
2.16298 -1.38472 -1.18425
7.82254 -3.87493 -1.29914
5.30131 1.84685 -1.41402
3.27888 -4.1311 -1.5289
8.8485 -1.06462 -1.64379
2.63432 0.443033 -1.75867
6.21421 -4.88665 -1.87356
7.17498 1.4771 -1.98844
2.16513 -2.57114 -2.10332
8.58876 -2.96787 -2.21821
4.12948 1.6512 -2.33309
4.29885 -4.741 -2.44798
8.46633 0.0606653 -2.56286
2.19701 -0.661605 -2.67775
7.26192 -4.32795 -2.79263
6.01545 1.7283 -2.90751
2.88738 -3.51102 -3.0224
8.64293 -1.78488 -3.13728
3.32713 0.781425 -3.25217
5.47201 -4.5896 -3.36705
7.46801 0.695869 -3.48194
2.56061 -1.78938 -3.59682
7.69964 -3.22299 -3.7117
4.9717 1.1469 -3.82659
4.07417 -3.71845 -3.94147
7.83738 -0.868583 -4.05636
3.3889 -0.459604 -4.17124
6.20884 -3.54879 -4.28612
6.20287 0.311191 -4.40101
3.86334 -2.27622 -4.51589
6.89663 -1.96478 -4.63078
4.86085 -0.503647 -4.74566
5.31264 -2.19336 -4.86055
5.45779 -1.3098 0.722656
4.12295 -0.627054 0.614664
4.98115 -2.59621 0.506673
5.78807 -0.110059 0.398681
3.19851 -1.60516 0.290689
6.43249 -2.30485 0.182698
4.35095 0.614514 0.074706
3.89311 -3.18737 -0.0332857
6.95886 -0.546315 -0.141277
2.71967 -0.422904 -0.249269
5.89114 -3.49566 -0.357261
5.61451 1.06938 -0.465252
2.64842 -2.59624 -0.573244
7.4374 -1.87463 -0.681236
3.32196 0.889631 -0.789228
4.51609 -4.02741 -0.897219
6.99861 0.485666 -1.00521
2.04456 -1.19304 -1.1132
6.89598 -3.32766 -1.22119
4.73476 1.57708 -1.32919
3.00111 -3.54725 -1.43718
7.77543 -0.918647 -1.54517
2.4486 0.373724 -1.65316
5.5173 -4.19492 -1.76115
6.34088 1.26013 -1.86914
2.04641 -2.21005 -1.97714
7.55279 -2.55013 -2.08513
3.73025 1.40938 -2.19312
3.87544 -4.07007 -2.30111
7.44784 0.045956 -2.4091
2.07373 -0.573179 -2.51709
6.41541 -3.71599 -2.62509
5.34692 1.47546 -2.73308
2.66552 -3.01572 -2.84107
7.59922 -1.53606 -2.94906
3.04248 0.663796 -3.05705
4.88108 -3.94028 -3.16504
6.59207 0.590457 -3.27304
2.38541 -1.53991 -3.38103
6.79062 -2.76882 -3.48902
4.45221 0.977088 -3.59701
3.68285 -3.19353 -3.705
6.9087 -0.750602 -3.813
3.09543 -0.400022 -3.92099
5.5127 -3.0481 -4.02898
5.50758 0.260708 -4.13697
3.50212 -1.95724 -4.24496
6.10228 -1.69027 -4.35295
4.35719 -0.437776 -4.46095
4.74447 -1.88621 -4.56894
4.8664 -1.14087 0.681754
3.70831 -0.548522 0.579875
4.45287 -2.25694 0.477995
5.15295 -0.099983 0.376116
2.90627 -1.39711 0.274236
5.71204 -2.00416 0.172357
3.90612 0.528649 0.0704774
3.5089 -2.76982 -0.031402
6.16871 -0.478474 -0.133281
2.49084 -0.371405 -0.235161
5.24236 -3.03729 -0.33704
5.00236 0.92329 -0.43892
2.42902 -2.25697 -0.540799
6.58389 -1.6309 -0.642678
3.01337 0.767337 -0.744558
4.04939 -3.49863 -0.846437
6.2032 0.416861 -0.948317
1.90512 -1.03956 -1.0502
6.11415 -2.89154 -1.15208
4.2391 1.36376 -1.25395
2.73501 -3.08206 -1.35583
6.87716 -0.801506 -1.45771
2.25565 0.319742 -1.55959
4.91803 -3.64396 -1.66147
5.63256 1.08878 -1.76335
1.90672 -1.92191 -1.86523
6.68399 -2.21696 -1.96711
3.3676 1.21826 -2.06899
3.49357 -3.53564 -2.17087
6.59294 0.0353738 -2.27275
1.93042 -0.501781 -2.37463
5.69721 -3.22845 -2.47651
4.77021 1.2756 -2.57839
2.44385 -2.6209 -2.68027
6.72428 -1.33717 -2.78215
2.7709 0.571405 -2.88403
4.36605 -3.42305 -2.9859
5.85049 0.507777 -3.08778
2.20083 -1.34051 -3.18966
6.02275 -2.40669 -3.29154
3.99397 0.843214 -3.39342
3.32647 -2.77517 -3.4953
6.12519 -0.655712 -3.59718
2.81684 -0.351552 -3.69906
4.91403 -2.64899 -3.80094
4.9096 0.22169 -3.90282
3.16968 -1.70257 -4.0047
5.42555 -1.47096 -4.10658
3.91153 -0.384307 -4.20846
4.24753 -1.64095 -4.31034
4.3556 -1.00386 0.645234
3.33994 -0.484368 0.548812
3.99293 -1.98266 0.45239
4.6069 -0.0909964 0.355968
2.63655 -1.22859 0.259546
5.09723 -1.76097 0.163124
3.51342 0.460318 0.066702
3.16506 -2.43247 -0.0297199
5.49774 -0.422936 -0.126142
2.27221 -0.329035 -0.222564
4.68532 -2.66704 -0.318986
4.47484 0.806421 -0.415408
2.218 -1.98269 -0.51183
5.86185 -1.43362 -0.608252
2.73048 0.669649 -0.704674
3.63907 -3.07163 -0.801096
5.52798 0.362279 -0.897518
1.75853 -0.915014 -0.99394
5.44988 -2.53921 -1.09036
3.80545 1.19272 -1.18678
2.48636 -2.7063 -1.28321
6.11905 -0.706236 -1.37963
2.06596 0.277106 -1.47605
4.40088 -3.19909 -1.57247
5.02752 0.951558 -1.66889
1.75994 -1.68884 -1.76532
5.94964 -1.9476 -1.86174
3.04115 1.06511 -1.95816
3.15161 -3.10409 -2.05458
5.86979 0.0277125 -2.151
1.78073 -0.443376 -2.24743
5.08423 -2.83468 -2.34385
4.27124 1.1154 -2.44027
2.23101 -2.30186 -2.53669
5.98497 -1.17601 -2.63311
2.51783 0.497816 -2.72954
3.91679 -3.00534 -2.82596
5.21865 0.442013 -2.92238
2.01788 -1.17895 -3.0188
5.36972 -2.114 -3.11522
3.59047 0.736194 -3.21164
3.00507 -2.43715 -3.30807
5.45956 -0.578374 -3.40449
2.55812 -0.311624 -3.50091
4.39737 -2.32649 -3.59733
4.39348 0.191113 -3.69375
2.86757 -1.49648 -3.79018
4.84597 -1.29335 -3.8866
3.51817 -0.340351 -3.98302
3.81285 -1.44243 -4.07944
3.91291 -0.891393 0.612427
3.01347 -0.431343 0.520908
3.59173 -1.75819 0.429388
4.13545 -0.0829831 0.337869
2.39056 -1.09041 0.24635
4.56968 -1.56187 0.15483
3.1671 0.405247 0.0633106
2.8586 -2.15653 -0.0282089
4.92436 -0.37694 -0.119728
2.06791 -0.293784 -0.211248
4.2049 -2.36426 -0.302767
4.0185 0.711747 -0.394287
2.0199 -1.75822 -0.485806
5.2468 -1.27198 -0.577326
2.47375 0.590626 -0.668845
3.27837 -2.72256 -0.760365
4.95114 0.318427 -0.851884
1.61301 -0.812712 -0.943404
4.88198 -2.25106 -1.03492
3.42571 1.05384 -1.12644
2.25755 -2.39903 -1.21796
5.47457 -0.627824 -1.30948
1.88526 0.242999 -1.401
3.95301 -2.83543 -1.49252
4.50795 0.840277 -1.58404
1.61426 -1.49799 -1.67556
5.32455 -1.72715 -1.76708
2.74886 0.940839 -1.8586
2.84669 -2.75131 -1.95012
5.25384 0.0221424 -2.04164
1.63267 -0.395041 -2.13316
4.55816 -2.51272 -2.22468
3.8382 0.985368 -2.3162
2.03143 -2.04087 -2.40772
5.35584 -1.04385 -2.49923
2.28543 0.438454 -2.59075
3.52431 -2.66386 -2.68227
4.6772 0.389037 -2.77379
1.84268 -1.04644 -2.86531
4.81099 -1.8745 -2.95683
3.23533 0.649556 -3.04835
2.71692 -2.16068 -3.13987
4.89055 -0.514593 -3.23139
2.3211 -0.278366 -3.32291
3.9499 -2.06268 -3.41443
3.94646 0.166846 -3.50595
2.59514 -1.32764 -3.59747
4.34717 -1.14776 -3.68899
3.1713 -0.303805 -3.78051
3.43226 -1.27978 -3.87203
3.52798 -0.798061 0.582796
2.72443 -0.387057 0.495704
3.24105 -1.57245 0.408613
3.7268 -0.0758344 0.321521
2.16793 -0.975859 0.23443
4.11474 -1.39706 0.147339
2.86168 0.360346 0.0602473
2.58607 -1.92832 -0.0268441
4.4316 -0.338453 -0.113935
1.87968 -0.264162 -0.201027
3.78885 -2.11391 -0.288118
3.62232 0.634171 -0.37521
1.83679 -1.57247 -0.462301
4.71968 -1.13807 -0.549392
2.24225 0.525962 -0.636484
2.96109 -2.43401 -0.723575
4.45553 0.282782 -0.810667
1.47328 -0.727769 -0.897758
4.39374 -2.01278 -0.984849
3.09273 0.939797 -1.07194
2.0491 -2.14497 -1.15903
4.92316 -0.562591 -1.24612
1.7165 0.215395 -1.33321
3.56381 -2.53485 -1.42031
4.05959 0.748999 -1.5074
1.47439 -1.33999 -1.59449
4.78913 -1.54472 -1.68158
2.48803 0.83884 -1.76867
2.57543 -2.45969 -1.85576
4.72596 0.0180839 -1.94285
1.49083 -0.354625 -2.02995
4.10445 -2.24655 -2.11704
3.46124 0.878622 -2.20413
1.84708 -1.82499 -2.29122
4.81708 -0.934263 -2.37831
2.07401 0.390013 -2.4654
3.18081 -2.38157 -2.55249
4.2108 0.345864 -2.63959
1.67846 -0.936583 -2.72668
4.33032 -1.67636 -2.81377
2.92264 0.57861 -2.90086
2.45949 -1.93203 -2.98795
4.4014 -0.461431 -3.07504
2.10588 -0.250387 -3.16213
3.56103 -1.84448 -3.24923
3.55796 0.147361 -3.33632
2.3507 -1.1878 -3.42341
3.91595 -1.02709 -3.5105
2.86544 -0.273115 -3.59759
3.09858 -1.14505 -3.68468
3.19225 -0.719845 0.555899
2.46862 -0.349719 0.472827
2.93386 -1.41722 0.389755
3.3713 -0.0694514 0.306683
1.96747 -0.879959 0.223611
3.72064 -1.25927 0.140539
2.59222 0.323347 0.0574668
2.34402 -1.73769 -0.0256052
4.006 -0.30595 -0.108677
1.70789 -0.239048 -0.191749
3.42717 -1.90482 -0.274821
3.27721 0.569937 -0.357893
1.66926 -1.41723 -0.440965
4.26542 -1.02604 -0.524037
2.03439 0.47249 -0.607109
2.68174 -2.19308 -0.690181
4.02754 0.253497 -0.773253
1.3419 -0.656544 -0.856325
3.9719 -1.81375 -0.939397
2.80029 0.845165 -1.02247
1.86046 -1.93279 -1.10554
4.44866 -0.507795 -1.18861
1.56094 0.192812 -1.27169
3.22451 -2.28389 -1.35476
3.67098 0.673344 -1.43783
1.3429 -1.20788 -1.5209
4.32797 -1.39224 -1.60397
2.25573 0.754249 -1.68705
2.33444 -2.21621 -1.77012
4.27107 0.0151258 -1.85319
1.35772 -0.320513 -1.93626
3.71138 -2.02426 -2.01933
3.13215 0.790075 -2.10241
1.67853 -1.64464 -2.18548
4.35314 -0.8425 -2.26855
1.88289 0.350063 -2.35162
2.87961 -2.14585 -2.43469
3.80715 0.310305 -2.51777
1.52668 -0.84459 -2.60084
3.91479 -1.51079 -2.68391
2.64712 0.519902 -2.76698
2.23003 -1.74103 -2.85005
3.9788 -0.416696 -2.93313
1.91159 -0.226643 -3.0162
3.22201 -1.66219 -3.09927
3.21924 0.131545 -3.18234
2.13206 -1.07082 -3.26541
3.54163 -0.926099 -3.34849
2.5956 -0.24711 -3.43156
2.80555 -1.03232 -3.51463
2.89858 -0.653711 0.531375
2.24219 -0.317974 0.451968
2.6642 -1.28629 0.372561
3.061 -0.0637459 0.293154
1.7876 -0.798948 0.213746
3.37789 -1.14302 0.134339
2.35431 0.292557 0.0549317
2.12917 -1.57699 -0.0244756
3.63673 -0.278271 -0.103883
1.55214 -0.217585 -0.18329
3.11168 -1.72859 -0.262697
2.97565 0.516236 -0.342105
1.5171 -1.28631 -0.421512
3.87204 -0.931457 -0.500919
1.84831 0.427843 -0.580327
2.43551 -1.99007 -0.659734
3.65627 0.229197 -0.739141
1.22016 -0.596291 -0.818549
3.6058 -1.64598 -0.897956
2.54304 0.765893 -0.977363
1.69053 -1.75396 -1.05677
4.03827 -0.461363 -1.13618
1.41884 0.17415 -1.21558
2.92785 -2.07244 -1.29499
3.33284 0.610035 -1.3744
1.22107 -1.0964 -1.45381
3.92878 -1.26363 -1.53321
2.04908 0.683423 -1.61262
2.12048 -2.01105 -1.69203
3.87717 0.0129731 -1.77144
1.2345 -0.291481 -1.85084
3.36948 -1.83693 -1.93025
2.84407 0.71592 -2.00966
1.52551 -1.49258 -2.08907
3.95161 -0.76497 -2.16847
1.71088 0.316791 -2.24788
2.61499 -1.94723 -2.32729
3.45636 0.280727 -2.40669
1.38777 -0.766865 -2.4861
3.55399 -1.37117 -2.56551
2.4041 0.470849 -2.64492
2.02577 -1.58002 -2.72432
3.61206 -0.378728 -2.80373
1.73691 -0.206333 -2.88314
2.92558 -1.5085 -2.96255
2.92307 0.118576 -3.04195
1.9369 -0.97208 -3.12136
3.21551 -0.840801 -3.20077
2.35737 -0.224898 -3.28017
2.54782 -0.937151 -3.35958
2.64105 -0.597336 0.508924
2.0417 -0.290776 0.432872
2.42703 -1.17494 0.35682
2.78935 -0.0586405 0.280767
1.62661 -0.729952 0.204715
3.0787 -1.04412 0.128663
2.14407 0.266699 0.0526107
1.9385 -1.44038 -0.0234415
3.31504 -0.254523 -0.0994937
1.41161 -0.199111 -0.175546
2.83562 -1.5788 -0.251598
2.71142 0.47094 -0.32765
1.37962 -1.17496 -0.403703
3.52991 -0.850946 -0.479755
1.68204 0.390229 -0.555807
2.21822 -1.81756 -0.631859
3.33289 0.208845 -0.707912
1.10848 -0.544906 -0.783964
3.28681 -1.50337 -0.860016
2.3164 0.698901 -0.936068
1.53798 -1.60197 -1.01212
3.68169 -0.421703 -1.08817
1.2899 0.158582 -1.16422
2.66777 -1.89278 -1.24028
3.03756 0.556588 -1.31633
1.10931 -1.00155 -1.39238
3.58172 -1.15425 -1.46843
1.86537 0.623598 -1.54449
1.93056 -1.83672 -1.62054
3.5346 0.0114115 -1.69659
1.12158 -0.266585 -1.77264
3.07103 -1.67773 -1.8487
2.59127 0.653271 -1.92475
1.3873 -1.36331 -2.0008
3.60257 -0.698927 -2.07685
1.55655 0.288827 -2.1529
2.3821 -1.77844 -2.22896
3.15035 0.255897 -2.30501
1.26152 -0.700657 -2.38106
3.2395 -1.25245 -2.45711
2.18954 0.429497 -2.53317
1.84408 -1.44314 -2.60922
3.29252 -0.34625 -2.68527
1.58033 -0.188836 -2.76132
2.6657 -1.37784 -2.83737
2.66341 0.107837 -2.91343
1.76294 -0.888039 -2.98948
2.93043 -0.768168 -3.06553
2.14687 -0.205788 -3.14158
2.32076 -0.856145 -3.21764
2.41467 -0.548924 0.488293
1.86409 -0.267311 0.415324
2.21807 -1.07952 0.342355
2.5509 -0.054067 0.269386
1.48279 -0.670747 0.196416
2.8167 -0.959347 0.123447
1.95813 0.244796 0.050478
1.76929 -1.32336 -0.0224912
3.03381 -0.234009 -0.0954604
1.28528 -0.183106 -0.16843
2.59341 -1.45052 -0.241399
2.47931 0.432416 -0.314368
1.25589 -1.07954 -0.387337
3.23119 -0.781895 -0.460306
1.53371 0.358273 -0.533276
2.02625 -1.66985 -0.606245
3.05021 0.19165 -0.679214
1.00682 -0.500761 -0.752183
3.00787 -1.38123 -0.825152
2.11644 0.641825 -0.898122
1.40137 -1.4718 -0.971091
3.37062 -0.387584 -1.04406
1.17347 0.145478 -1.11703
2.43921 -1.73894 -1.19
2.77891 0.511094 -1.26297
1.00758 -0.920246 -1.33594
3.27879 -1.06052 -1.40891
1.70211 0.572651 -1.48188
1.762 -1.68744 -1.55484
3.2355 0.0102841 -1.62781
1.01885 -0.245089 -1.70078
2.80965 -1.5414 -1.77375
2.36894 0.599909 -1.84672
1.26295 -1.25256 -1.91969
3.29794 -0.642247 -1.99266
1.41843 0.265123 -2.06563
2.17679 -1.63391 -2.1386
2.88252 0.234873 -2.21157
1.14741 -0.643836 -2.28454
2.96442 -1.15072 -2.35751
1.9999 0.394346 -2.43047
1.68256 -1.3259 -2.50344
3.01312 -0.318271 -2.57641
1.44027 -0.173668 -2.64938
2.43732 -1.26591 -2.72235
2.43521 0.0988625 -2.79532
1.60802 -0.815969 -2.86829
2.6805 -0.705853 -2.94126
1.96071 -0.18924 -3.01423
2.12045 -0.786671 -3.0872
2.21526 -0.507064 0.46927
1.70669 -0.246939 0.399143
2.03366 -0.997179 0.329017
2.34109 -0.049966 0.258891
1.35448 -0.619593 0.188764
2.58661 -0.886172 0.118638
1.79356 0.226093 0.0485114
1.61912 -1.22241 -0.021615
2.78716 -0.216178 -0.0917414
1.17205 -0.169159 -0.161868
2.38036 -1.33987 -0.231994
2.27496 0.399397 -0.30212
1.1449 -0.997192 -0.372247
2.96948 -0.722259 -0.442373
1.40151 0.330912 -0.5125
1.85647 -1.54246 -0.582626
2.8023 0.177003 -0.652752
0.91483 -0.462576 -0.722879
2.7632 -1.27586 -0.793005
1.93978 0.592829 -0.863132
1.27927 -1.35952 -0.933258
3.09827 -0.358035 -1.00338
1.06877 0.134354 -1.07351
2.23793 -1.60628 -1.14364
2.55171 0.472072 -1.21376
0.915533 -0.850054 -1.28389
3.01344 -0.979623 -1.35402
1.55707 0.528933 -1.42414
1.61239 -1.55871 -1.49427
2.97346 0.00947501 -1.5644
0.925943 -0.226413 -1.63452
2.5801 -1.42381 -1.70465
2.17302 0.554111 -1.77477
1.15141 -1.15701 -1.8449
3.03113 -0.593267 -1.91503
1.29503 0.24487 -1.98515
1.99553 -1.50927 -2.05528
2.64741 0.216928 -2.12541
1.04469 -0.594735 -2.19553
2.72306 -1.06294 -2.26566
1.83214 0.364233 -2.33579
1.53901 -1.22476 -2.40591
2.76805 -0.294011 -2.47604
1.31521 -0.160441 -2.54616
2.23618 -1.16935 -2.61629
2.23423 0.0912947 -2.68642
1.47016 -0.753733 -2.75654
2.4608 -0.65202 -2.82667
1.79593 -0.174825 -2.8968
1.94349 -0.726671 -2.96692
2.03927 -0.470643 0.451673
1.56713 -0.22915 0.384176
1.87068 -0.925653 0.316679
2.1561 -0.0462854 0.249183
1.24015 -0.575112 0.181686
2.38403 -0.822597 0.114189
1.64778 0.210001 0.0466923
1.48584 -1.13475 -0.0208045
2.57022 -0.200592 -0.0883012
1.07079 -0.156941 -0.155798
2.19255 -1.24379 -0.223295
2.09471 0.370892 -0.290792
1.04558 -0.925664 -0.358288
2.73948 -0.670425 -0.425785
1.28382 0.307312 -0.493282
1.70619 -1.43188 -0.560779
2.58427 0.164426 -0.628275
0.831994 -0.429342 -0.695772
2.54797 -1.18437 -0.763269
1.78353 0.550468 -0.830766
1.17033 -1.26204 -0.898262
2.85904 -0.332289 -0.965759
0.974904 0.124832 -1.03326
2.06033 -1.49113 -1.10075
2.35163 0.438361 -1.16825
0.832646 -0.789066 -1.23575
2.78029 -0.909354 -1.30324
1.42823 0.491149 -1.37074
1.47959 -1.44697 -1.43824
2.74317 0.00889808 -1.50573
0.842311 -0.210094 -1.57323
2.37799 -1.32173 -1.64073
2.00006 0.514524 -1.70822
1.05163 -1.07404 -1.77572
2.79671 -0.550671 -1.84322
1.18496 0.227432 -1.91071
1.83529 -1.40106 -1.97821
2.44048 0.201492 -2.04571
0.952553 -0.552035 -2.1132
2.51071 -0.986706 -2.1807
1.6836 0.338246 -2.2482
1.41147 -1.13693 -2.31569
2.55247 -0.27285 -2.38319
1.20369 -0.148847 -2.45069
2.0587 -1.08549 -2.51818
2.05689 0.0848573 -2.58568
1.34754 -0.699644 -2.65318
2.26723 -0.605216 -2.72068
1.64999 -0.162201 -2.78817
1.78697 -0.67452 -2.85567
1.88371 -0.438769 0.435348
1.44336 -0.213533 0.370291
1.72647 -0.863147 0.305234
1.99267 -0.0429795 0.240176
1.13839 -0.536205 0.175119
2.20526 -0.767029 0.110062
1.51857 0.196053 0.0450047
1.36754 -1.05817 -0.0200525
2.37891 -0.186898 -0.0851098
0.980424 -0.146186 -0.150167
2.02667 -1.15987 -0.215224
1.93541 0.346113 -0.280281
0.956917 -0.863158 -0.345339
2.53678 -0.625101 -0.410396
1.17911 0.286813 -0.475453
1.57305 -1.33529 -0.54051
2.39202 0.153547 -0.605568
0.757708 -0.400248 -0.670625
2.35816 -1.10445 -0.735682
1.64519 0.5136 -0.800739
1.07327 -1.17689 -0.865797
2.64829 -0.309729 -0.930854
0.890998 0.116618 -0.995911
1.90335 -1.39055 -1.06097
2.17504 0.40904 -1.12603
0.758316 -0.735755 -1.19108
2.57484 -0.847946 -1.25614
1.31381 0.458274 -1.3212
1.3617 -1.34937 -1.38625
2.54022 0.00848897 -1.45131
0.76733 -0.19576 -1.51637
2.19963 -1.23256 -1.58143
1.84714 0.480075 -1.64648
0.962559 -1.00154 -1.71154
2.59016 -0.51341 -1.7766
1.08692 0.212311 -1.84166
1.69346 -1.30655 -1.90671
2.25791 0.188117 -1.97177
0.870151 -0.514681 -2.03683
2.32341 -0.92009 -2.10188
1.55198 0.315665 -2.16694
1.29817 -1.0602 -2.232
2.36236 -0.254291 -2.29706
1.10438 -0.138637 -2.36211
1.90183 -1.01222 -2.42717
1.90014 0.0793346 -2.49223
1.23855 -0.652354 -2.55728
2.09633 -0.564283 -2.62234
1.52063 -0.151092 -2.6874
1.64839 -0.628921 -2.75246
